    0
    4
   11
   21
   34
   49
   66
   86
  107
  130
  154
  179
  205
  232
  259
  287
  314
  342
  370
  398
  426
  454
  481
  507
  534
  559
  585
  609
  633
  656
  678
  700
  721
  741
  760
  779
  797
  814
  830
  846
  860
  874
  888
  900
  912
  923
  933
  943
  952
  960
  968
  975
  981
  987
  993
  998
 1002
 1006
 1010
 1013
 1016
 1019
 1021
 1023
 1024
 1025
 1026
 1027
 1028
 1028
 1028
 1028
 1027
 1027
 1027
 1026
 1025
 1024
 1023
 1022
 1021
 1020
 1019
 1018
 1017
 1015
 1014
 1013
 1012
 1011
 1010
 1009
 1008
 1006
 1005
 1004
 1003
 1002
 1001
 1000
  999
  997
  996
  995
  994
  993
  992
  991
  990
  989
  988
  987
  986
  985
  984
  984
  983
  982
  981
  981
  980
  980
  979
  978
  978
  977
  977
  976
  976
  976
  975
  975
  975
  974
  974
  974
  973
  973
  973
  973
  972
  972
  972
  972
  971
  971
  971
  971
  971
