    0
    4
   11
   22
   35
   51
   70
   91
  114
  139
  166
  195
  224
  255
  287
  319
  352
  385
  419
  453
  486
  520
  553
  586
  619
  651
  682
  713
  742
  771
  799
  825
  851
  876
  899
  922
  943
  963
  982
 1000
 1017
 1032
 1047
 1060
 1072
 1084
 1094
 1103
 1111
 1118
 1124
 1129
 1134
 1137
 1140
 1142
 1143
 1144
 1144
 1143
 1142
 1140
 1138
 1135
 1132
 1129
 1125
 1121
 1116
 1112
 1107
 1102
 1097
 1091
 1086
 1081
 1075
 1070
 1064
 1059
 1053
 1048
 1042
 1037
 1032
 1027
 1023
 1018
 1014
 1009
 1005
 1001
  997
  993
  990
  986
  983
  980
  978
  975
  973
  970
  968
  966
  964
  963
  961
  960
  958
  957
  956
  955
  954
  953
  953
  952
  952
  951
  951
  951
  951
  952
  952
  953
  953
  954
  955
  956
  957
  957
  958
  959
  960
  961
  962
  963
  964
  964
  965
  966
  967
  968
  969
  970
  971
  971
  972
  973
  974
