    0
    4
   12
   23
   38
   56
   78
  103
  131
  162
  196
  233
  272
  313
  357
  402
  449
  498
  548
  599
  651
  703
  756
  809
  863
  916
  968
 1020
 1072
 1122
 1171
 1219
 1265
 1310
 1352
 1393
 1432
 1468
 1502
 1534
 1563
 1589
 1613
 1633
 1652
 1667
 1679
 1689
 1695
 1699
 1700
 1698
 1693
 1686
 1676
 1663
 1648
 1630
 1610
 1588
 1563
 1537
 1509
 1479
 1447
 1414
 1380
 1344
 1308
 1271
 1233
 1195
 1156
 1117
 1078
 1039
 1000
  962
  924
  887
  851
  816
  782
  749
  718
  688
  659
  633
  607
  584
  563
  543
  525
  510
  496
  485
  475
  468
  463
  460
  459
  460
  463
  468
  475
  484
  495
  508
  522
  538
  556
  575
  595
  617
  640
  663
  688
  714
  740
  767
  795
  822
  851
  879
  907
  935
  963
  991
 1019
 1046
 1072
 1098
 1123
 1147
 1170
 1192
 1213
 1233
 1252
 1269
 1285
 1300
 1313
 1325
 1335
 1344
 1351
 1357
 1361
