    0
    4
   11
   21
   35
   50
   68
   88
  109
  132
  157
  182
  209
  236
  264
  292
  320
  349
  377
  406
  434
  462
  490
  517
  544
  570
  596
  620
  645
  668
  691
  713
  734
  754
  774
  793
  811
  828
  844
  860
  874
  888
  901
  914
  926
  936
  947
  956
  965
  974
  981
  988
  995
 1001
 1006
 1011
 1016
 1020
 1023
 1027
 1030
 1032
 1034
 1036
 1038
 1039
 1040
 1041
 1041
 1041
 1042
 1042
 1041
 1041
 1040
 1040
 1039
 1038
 1038
 1037
 1036
 1035
 1033
 1032
 1031
 1030
 1029
 1027
 1026
 1025
 1024
 1023
 1021
 1020
 1019
 1018
 1017
 1016
 1015
 1014
 1012
 1012
 1011
 1010
 1009
 1008
 1007
 1006
 1006
 1005
 1004
 1004
 1003
 1003
 1002
 1002
 1001
 1001
 1000
 1000
  999
  999
  999
  999
  998
  998
  998
  998
  998
  997
  997
  997
  997
  997
  997
  997
  997
  997
  997
  997
  997
  997
  997
  997
  997
  997
  997
  997
  997
